0.22517605529814558
0.21943810334711364
0.22084972878423342
0.223041584947512
0.21917528386192522
0.21573803240531703
0.2200016503878099
0.21928389962551287
0.21880716688012036
0.22982660559504153
0.22250233113753665
0.215026742099258
0.22068666872491435
0.21660853412135136
0.21887766348832136
0.22385966339772234
0.22130333574053399
0.21570891440698814
0.23054522170408331
0.21362267801641713
0.2159801630415138
0.21378405973986872
0.22305649848787193
0.2285881395804717
0.2238251083069096
0.22023060926416363
0.2208692711382159
0.2264643563800334
0.22658187254286616
0.22617908904816933
0.216989777320243
0.22046895197604685
0.22124870069545577
0.22569647610654028
0.21947639513137757
0.21689698404851052
0.21851107948459433
0.21504572994087162
0.22148048084327052
0.22039288402896853
0.22348333670010334
0.21515567823399406
0.22257661544888566
0.2230839006058386
0.22407881302617008
0.2189998082437806
0.21916644669295332
0.2171478337413244
0.21526255610198394
0.22870541536114072
0.22160688026237105
0.2182231913494681
0.22253542243193541
0.21775693088646084
0.21505718566729387
0.2229837028588746
0.21541077638557338
0.22180196796291568
0.22869493416944375
0.22071660565347873
0.22054340864810026
0.22743151072337134
0.223791704714718
0.21787241582545008
0.2292446064065115
0.21895594443544378
0.22538676965012286
0.2223836501305805
0.22344467504191332
0.22012392121086052
0.21408792442780666
0.21810406415950415
0.2215465752581087
0.22188556120813555
0.2205331382108488
0.23045326495375762
0.22699550923578463
0.21922619842878338
0.2264613875652411
0.2266277245887479
0.21521258128626736
0.22122898699450147
0.2232570370375122
0.2161144364389714
0.2209118421016198
0.2219955931325487
0.22392803002580178
0.2202464906795949
0.2206527697100388
0.2225291680434964
0.2215674201692107
0.21738561508120618
0.22258393840240911
0.22042856117550216
0.21447625514649027
0.2257883226710713
0.22250041749209334
0.21871383200741593
0.22362155301801498
0.22511499407249608
0.21862475792688013
0.22002760874607422
0.21482469866595671
0.21514575320105966
0.21475283892876587
0.216694160018006
0.2164288815731438
0.21952361797993075
0.22077380596266868
0.2153234825317517
0.21721741681254106
0.22321236890494686
0.2136853405423966
0.22163099111081697
0.220089532201607
0.23289440872278513
0.22487194026786442
0.21780269339863134
0.2190566361935988
0.22292420235952337
0.22925811528831389
0.22207174243461378
0.22251339229435088
0.2287959598282606
0.21978793963077395
0.2207921261632409
0.22066111258150953
0.22487266830796182
0.2231687346914318
0.21542908901393085
0.21715191218070387
0.21544148183924408
0.22341911541308745
0.21476173966071097
0.2193690098427007
0.22119126230726543
0.2208257954148881
0.21622113914700858
0.21475726426808447
0.2199211215195967
0.2200424648459526
0.21431869366279815
0.22909283013407683
0.22775957174824793
0.224956417139843
0.21401537070166163
0.2175203586916489
0.2304341682585643
0.2171450158711869
0.21845732812414428
0.22971620977784912
0.22178065915984158
0.23029991668269562
0.22286575214108306
0.21958916330461214
0.22373960591207784
0.21469594950561996
0.22110269512367048
0.22031098886032385
0.22412304308963318
0.22494446616337896
0.21895651206969258
0.21600527950006956
0.21739289996834962
0.22436047140867524
0.2225556553919992
0.22246824794074954
0.22072283011461072
0.2141004542033018
0.21531693164345475
0.22072007402721938
0.21979015999528576
0.21505260023219655
0.21978125495488485
0.21743815940608885
0.21993294790704349
0.2230812533049865
0.22274658363367875
0.22745745817776003
0.21935410084879017
0.21892647990475111
0.22600579900600154
0.2179310589712328
0.21793091160581946
0.22376011627946263
0.22240769989327203
0.21769354597296986
0.22266442108409928
0.22596711879439665
0.2234737527193821
0.22408570084591095
0.21902448512392178
0.21503425978556104
0.22464127955172294
0.23054064867006482
0.22338977012000477
0.2141496152980123
0.224700664053215
0.2191372636828157
0.22106339423999172
0.21736161039929858
0.22046477485747393
0.2192600677968143
0.22409629206517212
0.22717602288223337
0.22250410409747717
0.22544647740634882
0.22741735781495856
0.21727879776272277
0.2272743626109744
0.21156309803938503
0.23024605293781836
0.21976291429004088
0.2146157918519438
0.21718402295374242
0.2176506035569089
0.22289405810380358
0.21657902971026613
0.2261587824980367
0.22165978773370607
0.22097622210106885
0.23093069254032061
0.22329890915360637
0.218415232786002
0.21648106916430984
0.2225971658826131
0.21973595511497035
0.21596011607957202
0.2226581929318359
0.2208457221582968
0.21893071984809
0.2225190651310427
0.22124819892560324
0.21409698478979144
0.2214495991231331
0.21716634353531525
0.22207517694619736
0.21690321196075388
0.21956716677374857
0.2252595816214342
0.21464178851950905
0.21701673869083463
0.22167568778810068
0.22081564844772622
0.22172473868727463
0.2194925660895758
0.21773072189910941
0.2206849457222466
0.21781111394121208
0.22834383606150177
0.21491934718990383
0.21988296335711185
0.22012913297075032
0.22148399854702974
0.21676863493567666
0.22264403507047212
0.2223281356744346
0.21912878672169944
0.21738722580695338
0.2188108691090783
0.21335095163115778
0.22458556116480521
0.22252306759812754
0.21918361582131482
0.21795616816888422
0.21402232907749247
0.21501347054450154
0.2208434578170474
0.2210114190199576
0.22118945366682832
0.22012008303810904
0.22174438656180165
0.2260228237655237
0.22013204475361825
0.2204796840354917
0.2232594443181294
0.213849601102478
0.21781657558435366
0.21882668563236496
0.22253418542399583
0.22082975051101847
0.21510105603209229
0.22147961199999255
0.22453375265396905
0.22169029764936607
0.22305344634541321
0.2223353372804204
0.2188369088407234
0.21518925644471598
0.22356680332499476
0.21902254898090578
0.2162541511179231
0.21691233940845503
0.21916520744224463
0.22941001518719006
0.22683969475618732
0.22032689106798115
0.22102247688497909
0.2210463680877919
0.2178982617732122
0.22704272913223433
0.22036291522389623
0.2196202334353272
0.2138590852148458
0.21789326553991875
0.2236127566815084
0.21843106418875236
0.21465809525645024
0.22123503931028854
0.2286550377413976
0.22078218219807264
0.21943607187514405
0.2150055283396125
0.22074700675733933
0.22654549619049677
0.22040279537637872
0.22437939231938428
0.22168428465735637
0.22769372588559997
0.2152199596812569
0.22743051495260477
0.2263142354309308
0.22522289380707858
0.222929491840905
0.21844313592225215
0.22756849880433547
0.21494163117474555
0.21669365013375344
0.21991448385159063
0.2218851493384043
0.2208477547845461
0.21988140949646226
0.22654436576348533
0.21501712133880452
0.22443009029700156
0.22369961885811032
0.22178893179088516
0.22055908911925212
0.2252669511895749
0.21685552213111292
0.22071934280376715
0.2145134611816126
0.2162668592151803
0.22360378705180875
0.2253971873413496
0.215701952768219
0.226645475540808
0.2148856737964748
0.22623808404259005
0.2218124682635141
0.22574534502831328
0.21826611659003908
0.21640589358468482
0.21558784874426842
0.2254669686234137
0.21653081078220424
0.21573428559211383
0.2170418656419827
0.22348786988391153
0.220220413410219
0.21555366083452573
0.21720369336006373
0.21471990057055318
0.22309693236497743
0.21486493427987632
0.22322697439928305
0.2206458134998661
0.2203813944999618
0.2162832484069267
0.22796111946147063
0.22196904373497497
0.2187667345255347
0.2197307642070918
0.21452264746436575
0.22458571729546825
0.22021577044063045
0.21887050949649875
0.2277738585329966
0.224444889934174
0.21625973899172798
0.22976126304167946
0.2169727349186751
0.22140930666779593
0.21517815279440008
0.2251157906690489
0.2285565980096548
0.21502564070646704
0.216190926170772
0.2239777066610308
0.21866306904610475
0.2246964890630739
0.21928161646069586
0.22075759356071065
0.22633589340948299
0.22010916357160573
0.22173047467329812
0.22856010099760343
0.21670044474221412
0.22119016958708615
0.21796390622465334
0.2233055639954774
0.21854956799098593
0.2177223731282453
0.21981177631320045
0.22373864430272702
0.2255927322524513
0.22647038551067647
0.22082670453851502
0.21647177870157133
0.2182628355664638
0.22065558487365244
0.2210505772153903
0.2165507059094832
0.21841486848784072
0.21665595229672632
0.21901685763176496
0.2216482894254247
0.223587170165597
0.21819774730063787
0.2162356990856807
0.21883494463248346
0.2195631900135641
0.22003315727383918
0.22411188159733753
0.21490716199338905
0.2161821558167004
0.219607203102862
0.224926521523416
0.21749174871514526
0.22849253120874694
0.2163162436965755
0.2233528140640294
0.21849084864271776
0.21505218650088834
0.2203844015430243
0.2225504626119107
0.2148396593181753
0.22260633310743883
0.2211978799849744
0.22548943094515203
0.22576811619910334
0.2241354139751335
0.21764850837419125
0.21642281336018732
0.22554350791746378
0.21804897154877054
0.21560938628002826
0.21638263138417768
0.22166858694363217
0.22167932442474073
0.2214032162030251
0.21592075436553718
0.22039011747752224
0.21956395201732218
0.22475965923882915
0.2244404370422274
0.2231811427877574
0.2127959498034943
0.21667904793473544
0.21929075599570721
0.22143759192554704
0.21655667350297186
0.2180741831394504
0.22242843052849012
0.2262246152382599
0.2141668551840877
0.2191412965145272
0.2205272164996282
0.21702673520351623
0.22578209668726631
0.22312856434048306
0.21301993244514994
0.2143399420457242
0.22415153092606988
0.22104908261050613
0.21751494623154397
0.2162716138137186
0.2182253036931999
0.2156256601304989
0.21983935348217715
0.2231696139140075
0.22133664673717995
0.22583744103301973
0.22389973977383665
0.21594884872627684
0.23030116543106696
0.21414801342656037
0.21966257422781674
0.2230491577854383
0.22116765425117793
0.22927536724912997
0.21578262311857851
0.21765868482194398
0.2209801846400358
0.2278800604208301
0.22201694792549873
0.2224820970620635
0.2177732185557368
0.21932164581291427
0.21571996950121947
0.21841313505017443
0.2200827832756352
0.22718862542896837
0.22428238410327525
0.2240925736482219
0.2211713397906843
0.21945371545701547
0.22514261352602746
0.22319939524030002
0.2221706508379998
0.22116965468392527
0.2147494402298382
0.21771414830347502
0.22613528044689737
0.22471225431001798
0.22604127318653044
0.22607416312416218
0.22244206902153496
0.22525299921354439
0.22451211037767807
0.21883801603370734
0.21752110511760048
0.22677440466867987
0.22043411764096377
0.21076662144024003
0.21903760810296644
0.2231217825566942
0.22297485045593504
0.22172603247965386
0.2173946547786048
0.21819216222166316
0.2157827841048416
0.22010459850581657
0.22213343528036336
0.22356016710415927
0.22204973073537662
0.2152468833143889
0.22181273690659048
0.22600828598260644
0.22167382024272728
0.2188547561083077
0.2203849072571689
0.21892704019330858
0.22817958038097513
0.21992650321647528
0.21725456831683357
0.2198614597840782
0.21890025298809157
0.22020494884095765
0.21768500693059753
0.21423255383531278
0.22456335373619446
0.21724898358556125
0.22124070718404784
0.21393732201568574
0.21448970498851896
0.21159620284124758
0.22179945337693857
0.21923370510129322
0.22449110718559945
0.21727674552352957
0.22182663096612515
0.2168281473824998
0.22169515455171365
0.2137904963572078
0.21893556041544346
0.21534111728471475
0.22478975498282408
0.22607295043413075
0.22089619989334378
0.22374440132226756
0.22118217532435042
0.22158485611036255
0.21702993340174825
0.22276214912131065
0.21556099035421092
0.22262090381671212
0.22574510751313384
0.22367010028604128
0.21907088251671136
0.21833739572603406
0.22885360846710212
0.21461925781783264
0.2233860630930675
0.22263025209457063
0.22325897978452663
0.22193328271007648
0.22244324143149935
0.2207528650005661
0.21538585082291317
0.22569698938880076
0.22786353852668617
0.2242449267948821
0.2175222366682999
0.2197186687675049
0.21921546194629016
0.22382389027824912
0.22285764736425612
0.22177752748107318
0.2251400928033575
0.21597085273590608
0.22259788519051033
0.2284451709093011
0.2194968718248393
0.22419323984285175
0.22098760881267968
0.2201336407043819
0.21730927806402078
0.21761730062874773
0.21956802863164018
0.21329921736079116
0.2271541896726742
0.22032906576097147
0.22445709910236777
0.22213347308024503
0.21562041399454177
0.22164661747980113
0.22289309948949507
0.21589350023496157
0.22364705108537802
0.21561080812723252
0.217630561089287
0.22673557480666365
0.21870797579135873
0.2153264134328409
0.2195501921156365
0.2204355857083516
0.2162273084497677
0.22267199655793637
0.22194255827755913
0.21645549790731353
0.21963412114955466
0.21474417115497643
0.21567738416285454
0.22423124297806438
0.2180098736083418
0.22587493132947994
0.2179913505190663
0.2169005110491395
0.2184948146970151
0.2237447628295075
0.21420972927430532
0.2140162822596782
0.2184542131788341
0.21507049966671307
0.22849393929549858
0.21673524581740577
0.22688301746766096
0.22003972410288417
0.2276375355066635
0.22188820240202828
0.22146235286029842
0.22245284519353295
0.222482927107878
0.22456467746393233
0.2180749136013439
0.21593857461045532
0.2144792876126114
0.21641468869121827
0.21737821589444814
0.21530403530842043
0.21825312435236865
0.2220611229587205
0.21550934486032464
0.21670975726319616
0.2170754108047928
0.22210015231357144
0.21862524804917138
0.21651364808868565
0.2146676805213685
0.2172471191197111
0.216122487575079
0.21137422144905552
0.2179849098804766
0.22210454236641555
0.22559786992010933
0.2271246189040744
0.2134267488168189
0.2226666850646208
0.22069234716185437
0.2196677364069386
0.2202926836534116
0.21662004487276532
0.21819611147722998
0.22276078097019353
0.22143343335987878
0.22453749039760462
0.217982517695675
0.21438845356687872
0.22535743875173275
0.2199114125232134
0.21904049831656736
0.22511904861706053
0.22113025153114005
0.22045498119806844
0.2248639106310331
0.2176132686984626
0.22554624726353023
0.22319963168303655
0.22243016510135813
0.22591229512973673
0.21749413379797636
0.22090070132189232
0.2182046877502704
0.2157500273695407
0.22069415951572982
0.22570969805213442
0.21821255127194314
0.21651306862701206
0.22263190374538475
0.2170593529344782
0.22095911018195885
0.22182333214617775
0.21722529616350753
0.2200192966255601
0.21590743715442853
0.22078270695615113
0.21799124566988526
0.2239197698103089
0.22091884818589344
0.22090218025258634
0.22004524238647236
0.22291646934970388
0.22446955097211507
0.21441737900011523
0.21468611765032067
0.21918501051788475
0.21239332847987155
0.21322956568987117
0.21734637014351044
0.21638491617567104
0.22375278004198731
0.21459340157274456
0.21246817351329061
0.22613715975772328
0.21525046602845882
0.21564510615001956
0.21959655150169863
0.2225092138780738
0.22623524670119083
0.22229244924817312
0.21501593940103267
0.22007043955252117
0.22635106114805842
0.2277587373986525
0.2154595382774669
0.22511274003499085
0.2170784114119497
0.21507025776559924
0.22530411285733015
0.22007115642530056
0.21852374579002068
0.21886428078100978
0.2159825721543492
0.22120042455781533
0.21849324917423102
0.2175504759528161
0.2153065487077954
0.22056216809767684
0.22408416171994158
0.22062062727860057
0.21657724657482177
0.21687793911661843
0.2213907311614142
0.21594349092638943
0.21512652516534328
0.2149143386417919
0.22208129273768512
0.2152160999292962
0.22456204663233512
0.21804538972417412
0.21411281609111124
0.22227638437915764
0.2155452667903859
0.21593929298407147
0.21521308882713697
0.2222027734015269
0.21857258216547157
0.22552173051175353
0.2205351870894886
0.21702484497856445
0.21441591054354273
0.21534312827845872
0.21550363330961084
0.21373331467823792
0.21848140416474482
0.2244550813220772
0.21758910313882424
0.22470432001056453
0.21469686084205794
0.2216485888232345
0.21409631303815016
0.2180114351259189
0.2192043520593813
0.217933834173375
0.21548033776970899
0.22083466848381877
0.21384816248132046
0.21994834725481907
0.22500058500146178
0.21711709780875427
0.21577895592258708
0.21476386096377392
0.21888326280331935
0.2267904137319895
0.21633098871921322
0.2203621295181322
0.21768683425486957
0.2170343442474157
0.21998644820084748
0.21741871421283335
0.21793446710891057
0.21448013972863805
0.22584680756759326
0.21848145466567911
0.22002926740839074
0.22000959032585607
0.22151165523954075
0.21506646313499692
0.21619988328455408
0.2170138092558178
0.21694213042698388
0.2168435172602958
0.21407968275198322
0.2161773069798279
0.22383087997030574
0.22153926237237243
0.21986515837257636
0.21638390691773846
0.22060376376173063
0.21853314826379214
0.21944044079099095
0.22702124265597387
0.21547114108912008
0.22271461870566972
0.22222193029962006
0.22227193854461932
0.2238299568051199
0.2202342105237036
0.2188088648440872
0.22422473252612457
0.2211729449664126
0.21453216321480417
0.22009218680015322
0.22051439193695657
0.22116804177450142
0.22075536257138617
0.2182184771424791
0.21935838903319316
0.2169162592235106
0.222624259222533
0.22269112373121097
0.21632077102893624
0.2190970881070325
0.2193184265335035
0.21983142281741144
0.22016029002579832
0.2250002053249681
0.21479844831474604
0.21508910816211385
0.21644488913366822
0.21774875772781233
0.21963737915482254
0.2253188476551861
0.2172900002802436
0.22293716123795995
0.2251913734124153
0.215728432726882
0.22057537210417133
0.2200667466147177
0.22090712422923067
0.21917754317984478
0.22524202466703144
0.2200139082113784
0.2202766779249187
0.21534438790743282
0.21735184319500317
0.22570692985281313
0.2149665851892743
0.21490306111690535
0.2209717064848288
0.22659011255482228
0.21350204043789403
0.22649751907607807
0.2243519198446359
0.2252741806795021
0.21981875253110006
0.22258959621160573
0.2155718313766764
0.21601787266827824
0.2177295385692517
0.21677211939348182
0.22148591205754248
0.2264001444616972
0.22112134255717203
0.2216036154969824
0.21402635647982166
0.22017002684896164
0.22268144075556837
0.2203234223490126
0.21363304934061217
0.22083229919538352
0.2221269300860109
0.2219880206939928
0.21576535965105406
0.2236843487113153
0.21380454746311148
0.2280880589053103
0.21656626440809323
0.21511359224889767
0.22190276728405062
0.22228292720754775
0.21997128426391632
0.21781918092100416
0.2187879711118278
0.21870911380833152
0.220447450204294
0.21659595679705182
0.21559604237880514
0.2241878482407307
0.2137098925798402
0.22542805523213197
0.21421804958026203
0.21951201433281473
0.21425993983406863
0.2205966159403308
0.21757641579694995
0.21656863220079126
0.2192864685800748
0.22353419246979842
0.21473946185517612
0.21506315104507018
0.2183424192648001
0.2221547199292626
0.21751318082560273
0.21220829707947741
0.21906291732943323
0.21988548644668957
0.21622864772204906
0.22277783342304122
0.21760622346459937
0.21501359059178377
0.22152110477807166
0.22102763766518604
0.22592703960699934
0.2169533297000825
0.2200967803127935
0.21328302450274345
0.2227765118281561
0.21426627123892528
0.22054917795552273
0.21578459376085668
0.22627977486357106
0.2225723866589405
0.22257162618061324
0.21743420731951976
0.22385588009760343
0.21432056246534562
0.21584617146139068
0.2221378091606201
0.22751832834832697
0.2189668081618481
0.22194395338098327
0.21501867769726657
0.2184742111562426
0.22458010782395937
0.21652046568516006
0.2152497352637943
0.22605475285893034
0.2200991415951482
0.21566189286205045
0.22409503855850132
0.2157924365208394
0.22075960193650657
0.219314428833388
0.2154698486869853
0.216451496650056
0.22006775933564698
0.2212520560576732
0.2152816708179388
0.22283286228976826
0.2226850201217012
0.22167860412461504
0.2233119813620092
0.21870603821404935
0.21592624567504115
0.21853558359347938
0.22459364558847011
0.21452042074593478
0.2210999138822923
0.22290401539910454
0.22017664721504684
0.21946841812790613
0.22310451203963583
0.21739161950481475
0.21841655894784145
0.2149581816302062
0.2232764656729982
0.2146513028322496
0.21549783477071288
