0.1218122122036563
0.11363036559409186
0.10943543729998567
0.10677959543960983
0.10492428655622903
0.1035492627382992
0.10248975638373801
0.10163917468917368
0.10097056309646596
0.10042940099527885
0.09998220702821294
0.09961179784311057
0.09930682989894458
0.09905481893373234
0.09884600047186616
0.09867460114547366
0.09853539711370678
0.09842412582471341
0.09833641678185216
0.09826831086337603
0.09821995873842912
0.09818774484326685
0.09816998897723446
0.09816529480589518
0.09817226344375414
0.09818901900610669
0.09821506611315932
0.09824996599994879
0.09829245266462278
0.09834182498945347
0.0983974592965263
0.09845902465342861
0.09852534031337544
0.09859703842651532
0.09867235061616762
0.09875254821036812
0.0988365076453191
0.09892393715068597
0.09901681335844448
0.09911043734314136
0.09920678258098779
0.09930497334991065
0.09940614796335874
0.09950948022786311
0.09961479569194866
0.09972122589510854
0.09982994176361014
0.09994034493488423
0.10005243261014568
0.10016743687384398
0.10028145891865142
0.10039716638612618
0.10051417656068287
0.10062988824340728
0.10074901391742627
0.1008689831138308
0.10099139193092677
0.1011130915949395
0.10123549051883628
0.10135853921641534
0.10148219169409115
0.10160641069768424
0.10173111613778582
0.10185632856053436
0.10198002202220505
0.10210614736278953
0.10223264087447778
0.10235947154691853
0.1024866102339073
0.10261402952012819
0.10274170360156358
0.10286960817698483
0.10299811513084042
0.10312640562931624
0.10325486328823867
0.10338346818886016
0.10351220091846465
0.10364104276894888
0.10376997583093059
0.10389898306813002
0.10402804841916054
0.10415715690774101
0.10428629453931616
0.10441544576895982
0.1045446962384324
0.10467380213681515
0.10480295668568462
0.10493209851245823
0.10506121735993508
0.10519030383371737
0.10531934826447081
0.10544834085808248
0.10557727201454555
0.10570613258366526
0.10583491400258976
0.1059636083351054
0.10609220824716965
0.1062207069535487
0.10634909815672564
0.1064773759886845
0.10660553495984518
0.10673356991763354
0.10686147601152436
0.10698924866557928
0.10711688355529375
0.10724441221111519
0.10737176197004353
0.10749896233721679
0.10762666293149688
0.10775354349354804
0.10788026405494827
0.10800682156853304
0.10813321313367884
0.10825943598925171
0.10838548750757206
0.1085113651897529
0.10863706666283586
0.10876258967940468
0.10888793212033865
0.10901309200157894
0.10913806748553669
0.10926285689742611
0.10938745874581104
0.10951187174507261
0.10963609483522815
0.10976012719196088
0.10988396821809669
0.11000761750820026
0.11013107478273795
0.11025433979666578
0.11037741223792855
0.11050058092531309
0.11062326838240176
0.11074575748081213
0.11086804751648409
0.1109901378409561
0.11111202785908184
0.11123371702680619
0.11135520484906104
0.1114764908777434
0.11159757470978526
0.1117184559852969
0.11183913438580284
0.11195960963252385
0.11207988148478625
0.11219966828824855
0.11231954094735426
0.11243920944674637
0.11255867369205476
0.1126779336191811
0.11279698919303831
0.11291584040631306
0.11303448727827009
0.11315292985359794
0.11327116820127155
0.1133894561580808
0.11350727919958854
0.11362489850162222
0.11374220395243678
0.11385941790796533
0.11397682252867901
0.1140936212080647
0.11421021742874862
0.11432661143229665
0.11444280347706061
0.11455879383747691
0.1146745828033987
0.11479017067944519
0.11490555778438288
0.11502074445052222
0.1151357310231458
0.11525051785994712
0.11536510533049964
0.1154794938157397
0.11559368370746728
0.11570767540787116
0.11582146932906515
0.11593506589264188
0.11604846552924761
0.1161616686781658
0.11627467578692041
0.11638748731089034
0.11650010371294181
0.11661252546306845
0.11672475303804995
0.1168367869211202
0.11694862760164774
0.117060275574828
0.11717173134138863
0.11728299540730253
0.11739406828351381
0.11750495048567448
0.11761564253388884
0.11772614495246758
0.11783645826969373
0.11794658301759521
0.1180565197317257
0.11816405870122677
0.11827366640919694
0.11838308704352082
0.11849232116671152
0.11860136934370276
0.11871023214168695
0.11881891012995725
0.11892740387975345
0.11903571396411661
0.11914384095775021
0.1192517854368803
0.11935954797912768
0.11946712916337301
0.11957452956964068
0.11968174977897374
0.11978879037331942
0.11989565193541027
0.12000233504865775
0.12010884029703567
0.12021516826497448
0.1203213195372521
0.12042729469888436
0.120533094335014
0.12063871903079894
0.12074416937129982
0.12084944594136042
0.12095454932548051
0.1210594801076928
0.12116423887141554
0.1212688261993108
0.12137324267312741
0.12147748887351931
0.12158156537986728
0.12168547277007036
0.12178912254826149
0.12189267463640223
0.12199605953859548
0.12209927781707866
0.12220233003328787
0.12230521674780997
0.1224079385203217
0.12251049590954492
0.122612889473199
0.12271511976795005
0.12281718734937067
0.12291909277189447
0.12302083658877756
0.12312241935204998
0.12322384161249297
0.12332510391958616
0.12342620682148145
0.12352715086496951
0.12362793659544323
0.12372856455686548
0.1238290352917471
0.12392934934110943
0.12402950724446267
0.1241295095397751
0.12422935676345327
0.12432904945031371
0.12442858813356113
0.12452797334476728
0.12462720561385102
0.12472628546905382
0.12482521343692503
0.12492399004230505
0.1250226158083039
0.12512109125628484
0.1252194169058543
0.12531759327484043
0.12541562087928596
0.12551350023342742
0.12561123184968925
0.12570881623866964
0.12580625390912797
0.12590354536797613
0.12600069112026976
0.1260976916691972
0.12619454751607095
0.12629125916032277
0.12638782709949076
0.1264842518292172
0.12658053384324283
0.1266766736333975
0.126772671689595
0.1268685284998326
0.12696424455018215
0.1270598203247875
0.12715525630586222
0.1272505529736826
0.12734571080658946
0.12744073028097846
0.12753561187129978
0.1276303560500437
0.12772496328771868
0.12781943405277188
0.1279137688111876
0.128007968021203
0.12810203219005623
0.12819596170551104
0.12828975706976295
0.12838341873379935
0.12847694715197788
0.1285703427772141
0.12866360606060478
0.12875673745134905
0.12884973739673194
0.12894260634211663
0.12903534473094386
0.12912795300473373
0.12922043160308802
0.12931278096369406
0.12940500152232548
0.12949709371284862
0.1295890579672262
0.12968089471551772
0.12977260438588956
0.12986418740461567
0.12995564419608158
0.13004697518279287
0.13013818078537664
0.13022926142258895
0.13032021751131675
0.13041104946658796
0.1305017577015722
0.13059234262759023
0.13068280465411683
0.1307735147602449
0.13086373223231015
0.1309538280381594
0.13104380257887632
0.13113365625375964
0.13122338946033157
0.13131300259434156
0.13140249604977375
0.13149187021885184
0.13158112549204426
0.13167026225807302
0.13175928090391748
0.13184818181482094
0.1319369653742977
0.13202563196413888
0.13211418196441863
0.1322026157535006
0.13229093370804434
0.13237913620301284
0.13246722361167726
0.13255519630562485
0.13264305465476536
0.13273079902733717
0.13281842978991426
0.13290594730741334
0.1329933519431004
0.13308064405859696
0.1331678240138876
0.13325489216732658
0.1333418488756441
0.13342869449395442
0.133515429375762
0.133602053872968
0.1336885683358778
0.13377497311320877
0.13386126855209454
0.13394745499809604
0.13403353279520425
0.1341195022858508
0.13420536381091225
0.13429111770971813
0.13437676432005916
0.1344623039781921
0.1345477370188492
0.13463306377524195
0.13471828457907198
0.13480339976053488
0.1348884096483293
0.13497331456966258
0.13505811485025918
0.13514281081436594
0.13522740278476122
0.13531189108276007
0.1353962760282224
0.1354805579395588
0.13556473713373915
0.135648813926298
0.13573278863134267
0.13581666156155972
0.13590043302822197
0.1359841033411955
0.13606820993482543
0.13615167808563514
0.1362350461236291
0.1363183143495161
0.13640148306266742
0.1364845525611247
0.13656752314160794
0.13665039509952284
0.13673316872896885
0.13681584432274657
0.13689842217236559
0.13698090256805165
0.13706328579875432
0.13714557215215434
0.13722776191467093
0.1373098553714691
0.13739185280646665
0.13747375450234167
0.13755556074053935
0.13763727180127905
0.13771888796356135
0.1378004095051748
0.13788183670270304
0.13796316983153112
0.13804440916585273
0.1381255549786765
0.13820660754183278
0.13828756712598017
0.1383684340006118
0.13844920843406214
0.13852989069351304
0.13861048104500026
0.1386909797534195
0.13877138708253292
0.1388513031296172
0.13893152553810573
0.1390116573433046
0.13909169880645153
0.13917165018763392
0.13925151174579553
0.13933128373874254
0.13941096642314835
0.1394905600545604
0.13957006488740756
0.13964948117500334
0.13972880916955402
0.1398061701734604
0.1398853560218154
0.13996445400646546
0.1400434643701184
0.1401223873547446
0.14020122320155745
0.1402799721509917
0.14035863444268262
0.14043721031544293
0.14051570000723956
0.1405941037551696
0.1406724217954355
0.14075065436331902
0.14082880169315506
0.1409068640183043
0.14098484157112434
0.14106273458294
0.14114054328401232
0.14121826790350503
0.14129590866944977
0.1413734658087076
0.14145093954692797
0.14152833010850352
0.14160563771651946
0.14168286259269786
0.14176000495733365
0.1418370650292221
0.1419140430255756
0.14199093916192643
0.14206775365201374
0.14214448670765056
0.14222113853856536
0.14229770935221475
0.1423741993535573
0.14245060874478177
0.1425269377249776
0.14260318648973186
0.14267935523063563
0.14275544413467364
0.14283145338346584
0.14290738315231777
0.14298423123336035
0.14305998924725766
0.14313566903222114
0.14321127083931498
0.1432867948840144
0.1433622413746083
0.14343761051635212
0.14351290251270238
0.14358811756581027
0.14366325587675546
0.14373831764567133
0.14381330307181897
0.14388821235363528
0.1439630456887679
0.14403780327410265
0.14411248530578863
0.14418709197926274
0.14426162348927601
0.14433608002992468
0.1444104617946875
0.14448476897647422
0.14455900176768938
0.1446331603603202
0.14470724494606063
0.1447812557164918
0.1448551928633536
0.14492905657896718
0.14500284705691868
0.14507656449321638
0.1451502090883571
0.1452237810512652
0.14529728060743852
0.1453707080176908
0.14544406362802834
0.14551734803411606
0.14559056285794872
0.14566477044320966
0.14573782575698827
0.1458108098617549
0.14588372293763727
0.14595656516404715
0.14602933671968374
0.14610203778253728
0.14617466852989253
0.14624722913833182
0.14631971978373892
0.14639214064130202
0.14646449188551727
0.14653677369019183
0.14660898622844737
0.14668112967272318
0.14675320419477927
0.1468252099656997
0.14689714715589564
0.14696901593510847
0.1470408164724129
0.14711254893622
0.1471842134942803
0.14725581031368665
0.14732733956087735
0.1473988014016392
0.14747019600111025
0.14754152352378272
0.14761278413350623
0.14768397799349026
0.14775510526630733
0.14782616611389574
0.1478971606975624
0.1479680891779857
0.14803895171521836
0.14810974846869007
0.14818047959721053
0.14825114525897193
0.14832174561155193
0.1483922808119164
0.148462751016422
0.14853315638081913
0.14860349706025433
0.1486737732092735
0.14874398498182406
0.14881413253125814
0.14888421601033486
0.14895423557122317
0.14902419136550474
0.1490940835441763
0.1491639122576525
0.14923367765576856
0.14930337988778286
0.1493730191023796
0.14944259544767163
0.1495121090712027
0.1495815601199505
0.14965094874032914
0.14972027507819166
0.14978953927883282
0.1498587414869916
0.14992788184685396
0.1499969605020552
0.15006597759568274
0.15013493327027874
0.15020382766784252
0.1502726609298332
0.15034143319717239
0.15041014461024652
0.15047879530890954
0.15054738543248544
0.1506159151197708
0.1506843845090371
0.1507527937380336
0.15082114294398935
0.15088943226361612
0.15095766183311052
0.15102583178815665
0.15109394226392833
0.15116199339509165
0.15122998531580728
0.1512979181597328
0.15136579206002518
0.15143360714934276
0.15150136355984783
0.1515690614232087
0.15163670087060196
0.1517042820327146
0.15177180503974613
0.15183927002141065
0.1519066771069389
0.15197402642508015
0.1520413181041043
0.1521085522718033
0.15217572905549348
0.15224284858201673
0.15230991097774238
0.1523760996352446
0.15244305701726127
0.15250995754640242
0.152576801348099
0.1526435885473331
0.15271031926863976
0.15277699363610958
0.1528436117733907
0.15291017380369074
0.15297667984977928
0.15304313003398975
0.15310952447822151
0.15317586330394212
0.1532421466321892
0.15330837458357277
0.15337454727827693
0.15344066483606222
0.15350672737626758
0.15357273501781218
0.15363868787919782
0.1537045860785104
0.15377042973342234
0.1538362189611943
0.15390195387867722
0.1539676346023144
0.15403326124814318
0.154098833931797
0.1541643527685073
0.15422981787310552
0.1542952293600248
0.1543605873433019
0.15442589193657924
0.1544911432531066
0.15455634140574298
0.1546214865069585
0.15468657866883617
0.15475161800307366
0.15481660462098518
0.15488153863350348
0.15494642015118104
0.1550112492841925
0.15507602614233598
0.15514075083503512
0.15520542347134053
0.1552700441599318
0.15533461300911913
0.15539913012684492
0.15546359562068562
0.15552800959785337
0.1555923721651977
0.15565668342920708
0.15572094349601084
0.15578515247138067
0.15584931046073214
0.1559134175691265
0.1559774739012724
0.1560414795615273
0.15610543465389903
0.1561693392820477
0.15623319354928697
0.15629699755858592
0.1563607514125702
0.1564244552135241
0.15648810906339167
0.1565517130637786
0.1566152673159536
0.15667877192084978
0.15674222697906645
0.15680563259087044
0.1568689888561977
0.15693229587465474
0.15699555374552004
0.15705876256774584
0.15712192243995907
0.15718503346046336
0.1572480957272402
0.15731110933795028
0.15737407438993525
0.15743699098021893
0.15749985920550869
0.15756267916219707
0.1576254509463629
0.157688174653773
0.15775085037988332
0.15781347821984043
0.1578760582684829
0.15793859062034263
0.15800107536964614
0.15806351261031618
0.15812590243597263
0.15818824493993427
0.1582505402152199
0.15831278835454962
0.15837498945034625
0.15843714359473657
0.15849925087955263
0.15856131139633306
0.15862332523632433
0.15868529249048197
0.15874721324947205
0.15880908760367202
0.15887091564317254
0.15893269745777822
0.15899443313700903
0.1590561227701017
0.15911776644601067
0.1591793642534096
0.15924091628069212
0.1593024226159736
0.15936388334709195
0.15942529856160897
0.15948666834681147
0.15954799278971246
0.1596092719770523
0.15967050599529983
0.15973169493065362
0.15979283886904302
0.1598539378961293
0.15991499209730678
0.1599760015577038
0.1600369663621842
0.16009788659534788
0.16015876234153228
0.16021959368481326
0.16028038070900602
0.16034112349766633
0.16040182213409138
0.1604624767013207
0.1605230872821371
0.16058365395906754
0.16064417681438378
0.16070465593010325
0.16076509138798944
0.16082548326955248
0.16088583165604933
0.16094613662848345
0.1610063982676045
0.16106661665390726
0.1611267918676296
0.16118692398874912
0.1612470130969778
0.16130705927175343
0.16136706259222555
0.16142702313723198
0.161486940985259
0.16154681621436948
0.1616066489020669
0.16166643912501757
0.16172618695842664
0.16178589247444253
0.16184555573725437
0.16190517678305363
0.1619647554810817
0.16202428585447676
0.16208378837922205
0.1621432420556547
0.16220265359980365
0.16226202345149818
0.16232135169466344
0.16238063840253322
0.16243988364839948
0.1624990875059932
0.1625582500492598
0.16261737135218765
0.16267645148870705
0.16273549053263084
0.16279448855762002
0.1628534456371627
0.1629123618445611
0.16297123725292337
0.16303007193515853
0.16308886596397304
0.16314761941186914
0.16320633235114312
0.16326500485388495
0.16332363699197813
0.1633822288370996
0.16344078046071966
0.163499291934103
0.16355776332830851
0.16361619471419006
0.16367458616239716
0.16373293774337555
0.16379124952736776
0.16384952158441396
0.16390775398435264
0.16396594679682105
0.1640241000912565
0.1640822139368966
0.1641403840438977
0.1641984188226768
0.1642564143592367
0.1643143707220966
0.16437228797957243
0.16443016619977874
0.16448800545063022
0.16454580579984315
0.16460356731493667
0.1646612900632343
0.16471897411186479
0.16477661952776365
0.16483422637767378
0.16489179472814688
0.1649493246455441
0.16500681619603724
0.16506426944560962
0.16512168446005673
0.16517906130498744
0.1652364000458246
0.16529370074780603
0.16535096347598524
0.16540818829523204
0.16546537527023386
0.16552252446549587
0.16557963594534222
0.16563670977391662
0.1656937460151829
0.16575074473292623
0.1658077059907533
0.1658646298520934
0.16592151638019895
0.16597836563814616
0.16603517768883608
0.16609195259499493
0.1661486904191748
0.16620539122375463
0.16626205507094047
0.16631868202276662
0.1663746603772946
0.1664312168591923
0.16648773661419777
0.16654421970370364
0.1666006661889344
0.16665707613094735
0.16671344959063294
0.16676978662871547
0.16682608730575374
0.1668823516821416
0.1669385798181085
0.16699477177372038
0.16705092760887985
0.1671070473833273
0.1671631311566408
0.16721917898823754
0.16727519093737372
0.16733116706314555
0.16738710742448962
0.16744301208018364
0.16749888108884692
0.16755471450894102
0.1676105123987704
0.16766627481648264
0.1677220018200695
0.16777769346736712
0.1678333498160569
0.1678889709236658
0.16794455684756707
0.16800010764498058
0.1680556233729738
0.16811110408846194
0.16816654984820875
0.16822196070882695
0.16827733672677883
0.1683326779583768
0.1683879844597841
0.16844325628701481
0.16849849349593513
0.16855369614226326
0.1686088642815704
0.16866399796928103
0.16871909726067344
0.1687741622108805
0.16882919287488993
0.16888418930754479
0.1689391515635444
0.1689940796974443
0.1690489737636572
0.16910383381645336
0.16915865990996093
0.1692134520981668
0.16926821043491683
0.1693229349739164
0.16937762576873108
0.16943228287278697
0.16948690633937114
0.16954149622163234
0.16959605257258134
0.16965057544509152
0.1697050648918992
0.16975952096560423
0.16981394371867062
0.16986833320342673
0.16992268947206593
0.16997701257664713
0.170031302569095
0.1700855595012008
0.17013978342462258
0.17019397439088574
0.17024813245138354
0.1703022576573775
0.17035635005999786
0.17041040971024415
0.17046443665898547
0.1705184309569611
0.17057239265478097
0.17062632180292586
0.17068021845174824
0.17073408265147247
0.17078791445219518
0.17084171390388597
0.1708954810563877
0.1709492159594169
0.1710029186625642
0.17105658921529496
0.17111022766694953
0.17116383406674365
0.17121740846376904
0.17127095090699376
0.17132446144526262
0.17137794012729748
0.171431387001698
0.1714848021169417
0.17153818552138478
0.171591537263262
0.17164485739068772
0.17169814595165572
0.17175140299404018
0.17180462856559553
0.1718578227139574
0.1719109854866425
0.17196411693104952
0.17201721709445913
0.17207028602403482
0.17212332376682268
0.17217633036975244
0.1722293058796375
0.1722822503431753
0.1723351638069481
0.1723880463174228
0.17244089792095182
0.17249371866377328
0.17254650859201134
0.1725992677516766
0.17265199618866675
0.17270469394876659
0.17275736107764852
0.17280999762087312
0.17286260362388906
0.1729151791320342
0.17296772419053524
0.17302023884450848
0.17307272313896013
0.17312517711878667
0.17317760082877517
0.1732299943136037
0.1732823576178417
0.1733346907859503
0.17338699386228273
0.17343926689108474
0.17349150991649476
0.17354372298254436
0.1735959061331588
0.17364805941215702
0.1737001828632523
0.17375227653005237
0.17380434045606005
0.17385637468467324
0.1739083792591856
0.1739603542227866
0.1740122996185622
0.17406421548949488
0.17411610187846416
0.17416795882824676
0.17421978638151722
0.17427158458084804
0.17432335346870997
0.17437509308747254
0.17442680347940423
0.1744784846866727
0.1745301367513456
0.17458175971539028
0.17463335362067456
0.17468491850896678
0.17473645442193633
0.17478796140115388
0.17483943948809172
0.17489088872412392
0.174942309150527
0.17499370080847998
0.17504506373906467
0.17509639798326615
0.17514770358197293
0.17519898057597752
0.17525022900597642
0.17530144891257052
0.1753526403362656
