0.10457876799642085 -426.787605007202
0.09328220741348303 -353.78415681038655
0.087609124803773 -310.30611335640396
0.08404691250937996 -279.30371510744135
0.08154972780136317 -254.76534318564688
0.07968010038111906 -234.17073522347854
0.07822411279919438 -216.31993612739646
0.07705803459985168 -200.44659963250643
0.07610832500503743 -186.12226998654012
0.07531378615888867 -173.00825359673328
0.07464863373222348 -160.9513288914267
0.07407863112961299 -149.66305705917642
0.07359628751556585 -139.11373114069355
0.0731790691560342 -129.1594395360221
0.07281813674344949 -119.70648579935772
0.07250583043017485 -110.76413261965301
0.07223481231233259 -102.21754816517951
0.0720001407609882 -94.0359912098904
0.07179629016994651 -86.20365727969997
0.0716176725273541 -78.6613727413259
0.07146515376517745 -71.40740695206452
0.07133261739315169 -64.40312264680675
0.07121893795441314 -57.62702435527524
0.07112180076638644 -51.07172921484417
0.07104056136841785 -44.717909350168796
0.07097211421508573 -38.54545132943991
0.07091590812832446 -32.548907144813356
0.07087102671831977 -26.708958422805466
0.07083578707851575 -21.02681029377048
0.07080937531662047 -15.478513853736155
0.0707921081612602 -10.076521434262716
0.07078207379117428 -4.798706679875131
0.07077934804949915 0.3629013242970629
0.07078295536444533 5.411700241879343
0.07079236601861755 10.34316783131106
0.07080747117959688 15.180057247035958
0.07083025528917168 19.939742110580198
0.07085290571148868 24.572140491794684
0.07088217930173409 29.132721246379997
0.07091621370487868 33.619503907462644
0.07095310440022272 38.01437200471049
0.07099344136698615 42.33824551582559
0.07103705462294059 46.579829869043266
0.07108378385746494 50.749775271283106
0.07113342373498044 54.85196164548238
0.071185777684722 58.88395560173188
0.07124069105964967 62.85773793346303
0.0712980495325473 66.76983466287767
0.07135618657563536 70.6076780614524
0.07141687748324875 74.42962684358027
0.07148014118669777 78.1560089695113
0.07154513856625735 81.82689027038039
0.07161189506050986 85.44265165431479
0.07168026511191938 89.00174761246235
0.07175011439709857 92.50749240732225
0.07181978622246447 95.98319094055927
0.07189236922970338 99.3843358066218
0.07196589421557473 102.73741959332123
0.0720408117692702 106.04096667980014
0.07211677723948691 109.29733075193913
0.07219372030170616 112.50791186667679
0.07227157877971814 115.66437016233047
0.07235037375490867 118.78731549295527
0.07242987104904866 121.86652417082163
0.07251012203112205 124.90264671232079
0.07259108908541499 127.90119573312538
0.07267271587861204 130.86032182937865
0.07275495745987583 133.7812744266506
0.07283777239766394 136.66517110866184
0.0729207729859607 139.5185524770036
0.07300462590990335 142.33130249920808
0.07308941691105261 145.10433565010865
0.07317414014363889 147.8497906512502
0.07325926313535558 150.5629569071194
0.07334475770310861 153.24463715791933
0.0734305975148653 155.8956283572762
0.07351675744153946 158.51153351839073
0.07360321365218638 161.10373766411166
0.07368994356431613 163.6675147495266
0.0737768476236471 166.20365143202224
0.0738640706253113 168.71263596765402
0.07395150501471542 171.19517891940694
0.0740391296531309 173.6519989410202
0.07412692406236816 176.08382376782023
0.07421487493305065 178.49131378454206
0.0743029693877495 180.87489632072476
0.07439187701751883 183.23496235734447
0.07448020144420682 185.57220281834842
0.07456862885784919 187.88711167018124
0.07465714659166005 190.18018375008006
0.07474574262978026 192.45188874859747
0.07483440557041536 194.70268825053762
0.0749231245913811 196.933038202527
0.07501188941789329 199.1433725597658
0.07510069029240643 201.33409846797107
0.07518951794638101 203.5056219739836
0.0752783635738207 205.65833815086404
0.07536721880646148 207.7854682794521
0.07545607569048435 209.90887776955796
0.07554468228410927 211.9997979988828
0.0756335224621874 214.08145256426948
0.07572234346045345 216.14603175501477
0.07581113867878221 218.19950594976663
0.07589990184269116 220.2252889579519
0.07598862698593992 222.24058666363513
0.07607770160344308 224.2358272678451
0.07616629603981852 226.2199365119907
0.07625483295908671 228.18878985031998
0.07634312151711235 230.14574274275625
0.0764315726091374 232.0846532891778
0.07651995537295511 234.0091346456318
0.07660826566803908 235.91934979863774
0.07669649954818747 237.81562531608984
0.0767846532471534 239.6981270706168
0.07687272316531955 241.56709377993576
0.07696070608912776 243.42279654906557
0.07704863245600338 245.26014906692026
0.07713640272268288 247.0910116828966
0.07722410378901667 248.90823108782692
0.07731170714877456 250.71342865928102
0.0773991849157758 252.505161314096
0.07748657309297094 254.28594665843448
0.07757385505161736 256.05428023381353
0.07766102845083259 257.81137895748395
0.07774808636276206 259.556650917051
0.0778350320724586 261.2905319587705
0.0779218631208069 263.0133400828846
0.0780088936752258 264.7244664206623
0.07809518332188939 266.426168911803
0.07818166237068812 268.1162477900656
0.07826802145220628 269.7958876913039
0.07835425847840242 271.4651578320224
0.0784403718072118 273.12413553650396
0.0785263599249162 274.7662531084582
0.078612221413111 276.40498075946533
0.07869795494791008 278.03359736724536
0.07878355929948774 279.654174400941
0.07886903332505613 281.2642270793092
0.07895437595343321 282.86475308893677
0.07903958616095742 284.4562888629261
0.07912466293766883 286.0381136542841
0.07920960523372939 287.6110725973137
0.07929441184415642 289.17531696726223
0.07937926713219497 290.72984707866885
0.07946379903300299 292.27637043740344
0.07954819865447202 293.81410462637984
0.07963247386742395 295.3437857285397
0.07971661497530567 296.86550093260905
0.07980064593715751 298.3780228496825
0.07988438051250066 299.88223262699006
0.07996808661293205 301.37982687044695
0.08005163545743708 302.8683885781721
0.08013507167236296 304.3490219074845
0.08021839572845893 305.8219787168619
0.08030151887752436 307.2868001958491
0.08038457406227116 308.74486129294974
0.08046744814012305 310.19501519435914
0.08055001902982838 311.6376335726751
0.08063259745894823 313.07008074881423
0.08071503312395435 314.5012878904797
0.08079732762395245 315.9224311085473
0.08087963132963341 317.334791622992
0.08096164152300071 318.7441898631491
0.08104350994838613 320.14162945831464
0.08112523666560434 321.53529658443347
0.08120682172080441 322.9218388908124
0.08128826515792249 324.30162980876594
0.08136956702584239 325.675036376219
0.08145072738269384 327.0420120693461
0.08153174629831893 328.40229233089246
0.0816126599229545 329.7792377772891
0.08169343568211392 331.12631117890606
0.08177406988546121 332.46754024303385
0.08185449501746202 333.7811487619164
0.08193480329609577 335.1100308838572
0.08201497105785681 336.4332788399518
0.08209499845586797 337.75043265514523
0.08217488565744481 339.06163647381743
0.08225463284339848 340.3651366119162
0.0823342402074373 341.66473641859676
0.08241370795566949 342.9585909069603
0.08249303630621355 344.24674762445125
0.08257222548894286 345.529343433886
0.08265127574541888 346.80633063082445
0.08273018732914503 348.077823863306
0.08280902254414639 349.3432612646246
0.08288765550340765 350.6039079311073
0.08296615044436956 351.8592254043764
0.08304450764860485 353.10924494641
0.08312272740051688 354.3540384351636
0.0832008099866344 355.5936637928094
0.08327875569485438 356.8280943701907
0.08335656481376694 358.05750020220916
0.08343423763234857 359.28184316500966
0.08351177444053977 360.5012139084513
0.0835891755315027 361.71563448071055
0.0836664412065325 362.9251541147963
0.08374357178331546 364.129850242279
0.08382056760699515 365.3297562232075
0.08389742906117449 366.5248861446435
0.08397415657389193 367.71533823109354
0.08405075061558416 368.90109753504987
0.0841272116976763 370.0822462956866
0.0842035404094768 371.25882088569324
0.08427973762807771 372.4308551682372
0.08435550385498028 373.6135059477351
0.08443147423748142 374.7762511825775
0.08450733925226997 375.9360368162017
0.08458309628160914 377.0899445129747
0.08465873181485603 378.23949657122125
0.08473379386903532 379.3727753473455
0.08480930403528919 380.5136882105613
0.08488368630877545 381.6697591436774
0.08495941477612473 382.7832214117677
0.08503420863670867 383.91230274314296
0.08510900542143578 385.0368664786124
0.08518363387240797 386.1575355407962
0.08525867039991522 387.28412770116773
0.08533295832584263 388.3965676024738
0.08540721374498839 389.5049497811653
0.08548094646001737 390.59964226380316
0.08555494666838658 391.7004031925387
0.08562883665615584 392.79725286152143
0.08570261618199276 393.8903143209732
0.08577769810089939 394.9913587927825
0.0858511133861604 396.0765259765145
0.08592421379134346 397.15647689273135
0.08599748013109375 398.2331957688131
0.08607069581766996 399.30521004370735
0.08614367370490722 400.3777371395738
0.08621577033888114 401.4362899201764
0.08628942553240661 402.50829653270733
0.08636211824997837 403.56865082669583
0.08643472250550403 404.625227539472
0.08650720654046529 405.6780558425187
0.08657955424349996 406.72722299340217
0.0866517644700556 407.77289382802473
0.08672384176162444 408.8151320920037
0.08679579090921138 409.85393765874903
0.08686761551025006 410.88938684075544
0.08693931802327841 411.9239299229423
0.08701090011241057 412.95265724453066
0.08708236293952218 413.97832832155166
0.08715370735826145 415.0005313988957
0.08722493403234649 416.0193934238999
0.0872960435049054 417.03530424596914
0.08736703623769146 418.04788101714155
0.08743791263154868 419.0572977687191
0.08750867303432626 420.06333339240916
0.0875793177389254 421.0665839840424
0.08764984697140502 422.0642711253416
0.08772026086605134 423.0638183678976
0.08778886690936663 424.062664237466
0.08785884825309696 425.04990587989465
0.08792895972745421 426.0351633304969
0.08799894179178545 427.02249516919414
0.0880702097768336 427.9972307930686
0.08813991006612676 428.9763430311068
0.08820950087698058 429.95037014982796
0.0882789829742239 430.92640924624715
0.08834835706573453 431.8966844490015
0.08841762379182984 432.86425146778885
0.08848678371806165 433.8298175285429
0.08855583733181947 434.79131407114244
0.08862478504283051 435.75000415463
0.08869362718731198 436.7065678217812
0.0887623640352417 437.6599753133316
0.08883099579999491 438.6103731643503
0.08889952264947965 439.5589201582964
0.08896794471788905 440.5042476955864
0.08903626211726987 441.4469354851249
0.08910447494825299 442.3868905297362
0.08917258330947256 443.3241095956936
0.08924084748015235 444.2584476217744
0.08930874033862048 445.18921353265944
0.08937652695223802 446.11784323196724
0.08944417195355082 447.0458336839284
0.08951179222369368 447.9701966277271
0.08957933123416033 448.89158419667604
0.08964667439098797 449.8109333489847
0.08971371839208794 450.7282062153895
0.08978188879472451 451.6378681886623
0.08984801771124767 452.55393868292754
0.08991517721851253 453.46319799947196
0.08998209134785902 454.36870071857066
0.090048875786443 455.2735790626611
0.09011554877225601 456.1746849722581
0.09018211586528145 457.07411316874067
0.09024857946468205 457.97120291243675
0.09031494091349411 458.86599931436825
0.09038120112468262 459.7584015215636
0.09044736080690087 460.64837321023947
0.09051342055846465 461.53613642723514
0.09057938091131512 462.4214701661284
0.09064524235375193 463.3044830843997
0.09071100534327949 464.18552936302706
0.09077667031445535 465.0640272721788
0.09084223768401625 465.94046723965477
0.09090770785441973 466.8144633241
0.09097308121640464 467.6863555263708
0.09103835815090883 468.5561238262421
0.09110353903054631 469.4235082616316
0.09116862422077045 470.2886564814344
0.09123361408080485 471.15174868547444
0.09129850896439863 472.0202625675442
0.0913633092204456 472.87168029261335
0.09142801519349601 473.7354746994218
0.09149262722418314 474.5829817951055
0.09155714564958035 475.4425206446993
0.09162157080350153 476.2911541025754
0.09168590301675575 477.1340390626681
0.091750142617363 477.98709647637554
0.09181428993073869 478.8311521962244
0.09187834527985107 479.6721644751396
0.09194230898535634 480.5132531734305
0.09200618136571553 481.34465998796156
0.09206996273729504 482.1807120042366
0.09213365341445391 483.0147691995859
0.09219725370961998 483.8534568795383
0.0922607639333562 484.6836360628477
0.09232418439441864 485.5113745948153
0.09238751539980779 486.33122198573255
0.09245075725481347 487.16192729389775
0.09251391026305499 487.9818337202958
0.09257697472651662 488.7982092074344
0.09263995094557949 489.6217285155458
0.09270283921904998 490.43823044415586
0.09276563984418541 491.2517637161853
0.0928283531167175 492.0647665467887
0.09289097933087329 492.87741028954963
0.09295351877939483 493.68719039024376
0.09301597175355653 494.4927776985977
0.09307833854318184 495.2992345835892
0.09314061943665844 496.10170908083984
0.09320281472095213 496.9029454057809
0.0932649246816205 497.70435685567566
0.0933269496028249 498.5028753620228
0.09338888976734257 499.29861018578976
0.09345074545657757 500.0923926011042
0.09351251695057143 500.88467381818725
0.0935742045280132 501.6770781875117
0.09363580846624928 502.46672909337764
0.09369732904129258 503.2523457215893
0.09375876652783167 504.04063595480824
0.09382012119923953 504.82311401861
0.09388139332758177 505.60619964612175
0.09394258318362515 506.38551687450075
0.09400369103684525 507.165852034531
0.09406471715543464 507.94385184499885
0.09412566180631039 508.71816392989797
0.09418652525512164 509.4935442866043
0.09424730776625694 510.26644601786677
0.0943080096028514 511.03512841195305
0.09436863102679433 511.8048180099786
0.09442917229873565 512.5716166698858
0.09448963367809338 513.3369527209419
0.09455001542306012 514.1015611142006
0.09461031779061024 514.864718995732
0.09467054103650636 515.6246667310743
0.09473068541530615 516.3849839018374
0.09479075118036882 517.1428798809329
0.09485073858386182 517.8996338529247
0.09491064787676738 518.6548399271785
0.09497047930888862 519.4069466983933
0.09503023312885645 520.1683917769147
0.09508990958413556 520.9182435831251
0.09514950892103094 521.6665591370092
0.09520896952378438 522.4130272363174
0.09526841811124102 523.1584768696247
0.0953277902664029 523.9020924870885
0.09538708623175562 524.6444215217745
0.0954463062486354 525.3853085350698
0.09550545055723643 526.1246611154174
0.09556451939661835 526.8624470692744
0.09562351300471335 527.5987822597908
0.09568243161833327 528.3336893151976
0.09574127547317658 529.0672125873015
0.09580004480383535 529.7991649461288
0.0958587398438016 530.5295427113015
0.09591736082547442 531.2587974141862
0.09597590798016618 531.9864669680161
0.09603438153810909 532.7128347292468
0.09609229124959788 533.4405277844064
0.0961506230103266 534.1638262808702
0.09620888182101135 534.8860410178306
0.0962670679079719 535.6063925544996
0.09632518149646663 536.3254718930799
0.09638322281069589 537.0434157917898
0.09644119207380611 537.7599763347481
0.09649908950789493 538.4747260118972
0.09655691533401656 539.1885430006577
0.09661466977218768 539.9008652436464
0.09667235304139346 540.6118075854538
0.09672996535959372 541.3216087715386
0.09678750694372927 542.0298465036093
0.09684497800972831 542.7367071683794
0.096902378772513 543.4424173598297
0.09695970944600575 544.1465403052349
0.0970169702431358 544.8493471252253
0.09707416137584567 545.5510507103262
0.0971312830550976 546.2517496533809
0.09718833549087989 546.9504847862032
0.09724531889221323 547.6481950006644
0.09730223346715706 548.3446294849294
0.09735907942281569 549.039615496241
0.09741585696534438 549.7337883345036
0.09747256629995557 550.4265957730624
0.09752920763092472 551.1178601503115
0.09758578116159608 551.8076518417821
0.09764228709438882 552.4964742053384
0.09769872563080242 553.1840808269496
0.0977550969714225 553.8706760443198
0.0978114013159264 554.5560035717124
0.09786763886308857 555.2394823871199
0.09792380981078598 555.9227352111174
0.09797991435600363 556.6036220401231
0.09803595269483958 557.2838715227118
0.09809192502251037 557.9631807444626
0.098147831533356 558.640721798922
0.09820367242084521 559.3176112163895
0.0982594478775803 559.9932751452867
0.09831515809530225 560.6668998347217
0.09837080326489568 561.3403026499027
0.0984263835763936 562.0120005721938
0.09848189921898232 562.6824634895935
0.0985373503810064 563.3521392864858
0.09859273724997317 564.0203443588321
0.09864806001255759 564.6875295235283
0.09870331885460701 565.3542204598212
0.09875851396114578 566.0183668453177
0.09881364551637987 566.682237212545
0.09886871370370152 567.3447494521373
0.09892371870569384 568.006261325994
0.0989786607041354 568.6665298350526
0.09903353988000473 569.3256720402101
0.09908835641348494 569.984892958061
0.09914311048396812 570.6407300351577
0.09919780227005989 571.2965649280628
0.09925243194958397 571.9513737873372
0.09930699969958638 572.6049671386579
0.09936150569634018 573.2574623190525
0.09941595011534975 573.9089074095016
0.0994703331313551 574.5595597797443
0.09952465491833651 575.2085833113321
0.09957891564951864 575.8567338939478
0.09963311549737508 576.503852605453
0.09968725463363258 577.150106971937
0.09974133322927538 577.7948056497221
0.0997953514545496 578.4389342336694
0.09984930947896735 579.0816060983747
0.0999032074713112 579.7235932613929
0.09995704559963813 580.3832533558667
0.10001082403128404 581.0228017167984
0.1000645429328678 581.6613234719532
0.10011917311022375 582.2939739357521
0.10017274671360668 582.9304610543405
0.10022626161747465 583.5659626610916
0.10027971800558445 584.200414400148
0.10033311606084445 584.833839940721
0.10038645596517787 585.4662645981349
0.10043973789939675 586.097688326783
0.10049296204307373 586.72802992636
0.10054612857442406 587.3574453059563
0.10059923767019222 587.9858207553231
0.10065228950554925 588.6132211361542
0.10070528425399296 589.2396182250352
0.1007582220872653 589.8649625450365
0.10081110317527132 590.4894027839665
0.10086392768601526 591.1127850213471
0.10091669578554134 591.7352443003565
0.10096940763788798 592.3566567078062
0.10102206340505201 592.9771718808839
0.10107466324696171 593.5966691805396
0.10112720732146267 594.2152603858432
0.10117969578431109 594.8328141031236
0.10123212878917888 595.4494414297704
0.10128450648766744 596.0651101265419
0.10133682902933024 596.6798266376417
0.10138909656170575 597.2936036764822
0.1014413092303586 597.906422921572
0.10149346717892536 598.5183364826823
0.10154557054917304 599.1292944375758
0.10159761948106176 599.7392751040798
0.10164961411281247 600.348365080155
0.10170155458098139 600.9564921282628
0.10175344102054013 601.5637179457594
0.10180527356495858 602.1700770218689
0.10185705234629042 602.7754272152944
0.1019087774952627 603.3799029306872
0.10196044914136501 603.9834959782524
0.10201206741294216 604.5861266899899
0.10206363243728205 605.1878965172273
0.10211514434070801 605.788752078962
0.10216660324866618 606.3887752787072
0.10221800928581011 606.9878078629583
0.10226936257608554 607.5859607559285
0.10232066324280736 608.183279412561
0.10237191140873689 608.7796977928961
0.10242310719614993 609.3751534759263
0.10247425072690504 609.9698568105907
0.10252534212250222 610.5635868234947
0.10257638150413943 611.1565013234966
0.10262736899276083 611.7485092413395
0.10267830470910295 612.3396996413143
0.10272918877373315 612.9300432905064
0.10278002130708311 613.5194585912421
0.10283080242947736 614.1080819921541
0.10288153226115762 614.6958401727363
0.1029322109223018 615.2826845697441
0.1029828385330379 615.8687043103436
0.10303341521345563 616.4539492166356
0.10308394108361268 617.0382068020632
0.10313441626353814 617.621825601056
0.10318484087323314 618.2044482902977
0.10323521503266825 618.7862738539919
0.10328553886177863 619.3673493431972
0.10333581248045717 619.94756483228
0.10338603600854576 620.5268634822339
0.10343620956582483 621.1053951794281
0.10348660820850944 621.6842906778935
0.10353667788222591 622.2611840964025
0.10358669793367221 622.8372493792779
0.10363666848765257 623.4125439987746
0.10368658966846102 623.9870346200724
0.10373646159988409 624.5607383049803
0.10378628440520395 625.133573370008
0.1038360582072012 625.7055824942231
0.10388578312815767 626.2768690160716
0.10393545928985941 626.8474058576816
0.10398508681359969 627.417112441213
0.10403466582018174 627.9859820520679
0.10408419642992166 628.5540565760722
0.10413367876265141 629.121378199799
0.10418311293772155 629.6879606440725
0.10423249907400428 630.2537248246415
0.10428183728989608 630.8187169217318
0.10433112770332094 631.3829076174692
0.10438037043173269 631.9464540502206
0.10442956559211833 632.5090587364421
0.10447871330100061 633.0709682307478
0.10452781367444076 633.6322116051663
0.10457686682804164 634.1925878270132
0.10462587287695006 634.7522006643932
0.10467483193585998 635.3110924981024
0.104723744119015 635.8692282017076
0.10477260954021103 636.4266802416637
0.10482142831279923 636.9832960755065
0.10487020054968868 637.5391451715699
0.10491892636334892 638.0942842772456
0.1049676058658126 638.6486872110203
0.10501623916867826 639.2023811886918
0.10506482638311279 639.7553212367512
0.105113367619854 640.3075364437296
0.10516186298921344 640.8786703961151
0.10521031260107859 641.4292944822522
0.10525871656491566 641.9791953936359
0.10530707498977178 642.5283724285664
0.10535538798427779 643.0768193170126
0.10540365565665048 643.6245571047135
0.10545187811469504 644.1715728814265
0.10550005546580737 644.7178728270771
0.10554818781697672 645.2634723198529
0.10559627527478768 645.808351274262
0.1056443179454227 646.3525226497366
0.10569231593466437 646.8959946445996
0.10574026934789751 647.4387587621063
0.10578817829011163 647.980826872644
0.1058360428659032 648.5221984251399
0.10588441466041942 649.0618067548404
0.10593218790016212 649.6018071521239
0.10597991709462362 650.1411096778862
0.1060276023470218 650.6797173391413
0.10607524376018665 651.2176324805092
0.10612284143656277 651.7548702970225
0.10617039547821092 652.2914188757445
0.1062179059868106 652.8272940059151
0.1062653730636619 653.3624848022565
0.10631279680968748 653.8970021353376
0.10636017732543476 654.4308341295822
0.10640751471107779 654.963991892275
0.10645480906641924 655.4964860168161
0.10650206049089232 656.0283114440202
0.10654926908356291 656.559466035036
0.10659643494313141 657.0899565341466
0.10664355816793443 657.6197778756825
0.10669063885594707 658.1489465220739
0.10673767710478446 658.67745603338
0.10678467301170373 659.2052982100543
0.10683162667360614 659.7324887857578
0.10687853818703826 660.2590369335546
0.10692540764819462 660.7849205820257
0.10697223515291865 661.3101634053164
0.10701902079670533 661.8347449981496
0.10706576467470214 662.3586972338659
0.10711246688171142 662.881990461982
0.10715912751219196 663.4046478696097
0.10720574666026048 663.926670258815
0.10725232441969373 664.4480517577958
0.10729886088392991 664.9687923411151
0.10734535614607058 665.4889004677129
0.107391810298882 666.0083797911739
0.1074382234347973 666.5272289056086
0.10748459564591772 667.0454428344528
0.10753092702401448 667.563035966409
0.10757721766053019 668.0800029310418
0.10762346764658073 668.5963443898405
0.10766967707295681 669.1120618264279
0.10771584603012531 669.627159373987
0.10776197460823123 670.1416424452984
0.10780806289709899 670.6555051617116
0.10785411098623417 671.1687509658595
0.10790011896482489 671.681398839222
0.10794608692174365 672.1934179011897
0.10799201494554844 672.7048408060721
0.10803790312448468 673.2156476789208
0.10808375154648646 673.7258540880918
0.10812956029917813 674.2354557631429
0.10817532946987579 674.7444529630504
0.10822105914558884 675.2528511127123
0.10826674941302128 675.7606389587662
0.1083124003585734 676.2678503065482
0.108358012068343 676.7744456176215
0.108403584628127 677.2804672594444
0.10844911812342294 677.7858817915709
0.10849461263943007 678.2907063916664
0.10854006826105113 678.7949422956901
0.10858548507289356 679.2986052859598
0.10863086315927106 679.8016644576509
0.10867620260420473 680.3041400963302
0.10872150349142469 680.8060447083417
0.1087667659043713 681.3073690988859
0.10881198992619659 681.8080945315512
0.1088571756397657 682.3082564447889
0.10890232312765802 682.8078499846262
0.10894743247216866 683.3068623160102
0.10899250375530993 683.8052950885893
0.1090375370588122 684.3031573426601
0.10908253246412573 684.8004679606471
0.10912749005242178 685.2971801077177
0.10917240990459372 685.793338232547
0.10921729210125859 686.2889399659067
0.10926213672275832 686.7839853297074
0.10930694384916087 687.2784443376112
0.10935171356026167 687.7723576538247
0.10939644593558476 688.2657012570819
0.10944114105438411 688.7584949344144
0.10948579899564483 689.2507335113797
0.10953041983808444 689.7424059779863
0.10957500366015394 690.2335427434954
0.10961955054003947 690.7241269848511
0.1096640605556629 691.2141464171498
0.1097085337846836 691.7036103761504
0.10975297030449924 692.1925340741597
0.10979737019224735 692.68094947912
0.10984173352480608 693.1687644441505
0.10988606037879578 693.6560737400172
0.10993008053808113 694.1421288262123
0.10997433798998017 694.628338441764
0.11001855916282825 695.1140074138558
0.11006274413241732 695.5991396918743
0.11010689297428623 696.0837219900416
0.110151005763722 696.567785370197
0.11019508257576079 697.0513251859202
0.11023912348518905 697.5343075025108
0.1102831285665448 698.0167511966681
0.11032709789411851 698.4986866327956
0.11037103154195432 698.9800811378487
0.1104149295838512 699.4609592626709
0.11045879209336382 699.9412903374787
0.11050261914380387 700.421097350181
0.11054641080824101 700.9003816969969
0.11059016715950401 701.379146916128
0.1106338882701817 701.8573623514782
0.11067757421262425 702.335069435102
0.11072122505894394 702.8122631068804
0.11076484088101647 703.2889044939582
0.11080842175048185 703.7650384337677
0.1108519677387455 704.2406295602367
0.11089547891697922 704.7157079818836
0.11093895535612239 705.207940605956
0.11098239712688271 705.6814365692929
0.11102580429973753 706.154451324046
0.11106917694493461 706.6270098331876
0.11111251513249325 707.0991082672834
0.11115581893220529 707.5707669593597
0.11119908841363614 708.0419837906029
0.1112423236461256 708.5127753279373
0.11128552469878901 708.9831462239563
0.11132869164051826 709.4530977330801
0.1113718245399826 709.922642475708
0.11141492346562971 710.3917734952371
0.11145798848568673 710.8604947181485
0.11150101966816106 711.3288060195594
0.11154401708084144 711.7966954247868
0.1115869807912989 712.2641623484792
0.11162991086688762 712.7311915583047
0.11167280737474591 713.1977956844181
0.11171567038179722 713.6639494892419
0.11175849995475097 714.1296528777831
0.11180129616010344 714.5948875513224
0.11184405906413891 715.0596647153652
0.11188678873293033 715.5239639544674
0.11192948523234034 715.9877847348017
0.11197214862802217 716.4511218205578
0.11201477898542057 716.9139759205281
0.11205737636977263 717.3763354870775
0.11209994084610873 717.8382054377723
0.11214247247925344 718.2995788545277
0.1121849713338264 718.7604618071455
0.1122274374742431 719.2208518948299
0.1122698709647159 719.6807473305365
0.11231227186925474 720.1401507349357
0.11235464025166828 720.5990610928906
0.11239697617556434 721.0574832141891
0.11243927970435116 721.5154205771826
0.11248155090123806 721.9728649864679
0.1125237898292362 722.4298289827913
0.11256599655115969 722.8863087275907
0.11260817112962615 723.3423100807001
0.11265031362705773 723.7978304966429
0.11269242410568185 724.2528784020099
0.11273450262753204 724.7074472469811
0.1127760213980601 725.1646445029551
0.11281803656767028 725.6182664653594
0.11286001999234888 726.0714205838282
0.11290197173313016 726.5241082335588
0.11294389185086053 726.9763312463772
0.11298578040619947 727.4280892278035
0.11302763745962005 727.8793843541039
0.11306946307140986 728.3302212961836
0.11311125730167172 728.7805969938938
0.11315302021032453 729.230518743462
0.1131947518571038 729.6799829720914
0.11323645230156264 730.1289957052264
0.11327812160307242 730.5775538143893
0.11331975982082342 731.0256632346748
0.11336136701382567 731.4733214944285
0.11340294324090965 731.9205352680474
0.11344448856072706 732.3672992530784
0.11348600303175138 732.8136216299183
0.11352748671227886 733.2594989100651
0.11356893966042901 733.7049334404804
0.11361036193414542 734.1499257247198
0.11365175359119642 734.5944798784622
0.11369311468917591 735.0385971755381
0.11373444528550378 735.4822747764944
0.1137757454374269 735.9255171554853
0.11381701520201977 736.3683249470973
0.11385825463618504 736.810698694755
0.1138994637966543 737.2526426364774
0.11394064273998886 737.6941506323786
0.11398179152258023 738.1352323630432
0.11402291020065099 738.5758826291512
0.1140639988302553 739.0161082473168
0.1141050574672797 739.4559029969491
0.11414608616744375 739.8952737782323
0.11418708498630054 740.3342225638012
0.11422805397923762 740.7727464294295
0.11426899320147738 741.21084724712
0.11430990270807793 741.6485276807599
0.11435078255393359 742.0857863736177
0.11439163279377562 742.5226261998126
0.11443245348217282 742.9590459304667
0.11447324467353219 743.3950512511856
0.11451400642209952 743.830640437025
0.11455473878196012 744.265814992858
0.11459739141070899 744.6963680269408
0.11463805748304115 745.1307109866488
0.11467869433925426 745.5646411250965
0.11471930203275209 745.9981610949851
0.11475988061678638 746.4312681234036
0.11480043014445543 746.8639678164894
0.11484095066870557 747.2962554568504
0.11488144224233174 747.7281395249192
0.11492190491797771 748.15961721446
0.11496073187313745 748.5932181377851
0.11500114296336163 749.023896103677
0.11504152529181592 749.4541704626096
0.11508187891059993 749.884039463138
0.11512220387166577 750.3135092187266
0.1151625002268185 750.7425784085581
0.11520276802771673 751.1712456943949
0.115243007325873 751.599516141334
0.11528321817265443 752.0273871172103
0.115323400619283 752.4548601764316
0.11536355471683613 752.8819384291335
0.11540368051624728 753.3086201634408
0.11544377806830616 753.7349071295988
0.11548384742365933 754.1608017352156
0.11552388863281061 754.5863010929937
0.11556390174612151 755.0114099582452
0.11560388681381163 755.4361260101091
0.11564384388595912 755.8604546351348
0.11568377301250106 756.2843921279582
0.11572367424323383 756.7079427244137
0.1157635476278135 757.1311044063001
0.11580339321575629 757.5538799773528
0.11584321105643877 757.9762686284024
0.1158830011990984 758.3982721860569
0.11592276369283387 758.819892604316
0.11596249858660523 759.241126670333
0.11600220592923452 759.6619808024299
0.11604188576940602 760.0824539900723
0.11608153815566646 760.5025453260831
0.11612116313642559 760.9222529707926
0.11616076075995625 761.3415876191895
0.11620033107439497 761.7605382865322
0.11623987412774206 762.1791140343232
0.11627938996786223 762.5973152508024
0.11631887864248465 763.015136633147
0.11635834019920344 763.4325843220619
0.11639777468547803 763.8496584073055
0.11643718214863348 764.2663574018866
0.11647656263586081 764.6826828340409
0.11651591619421751 765.098636491089
0.11655524287062767 765.5142203352234
0.11659454271188269 765.9294335872978
0.1166338157646413 766.3442741685246
0.11667306207543027 766.7587495669632
0.11671228169064471 767.17285477159
0.11675147465654843 767.586593964337
0.11679064101927451 767.9999684238381
0.11682978082482559 768.4129744290238
0.1168688941190744 768.8256147279942
0.11690798094776422 769.2378902466579
0.11694704135650942 769.6498061191093
0.11698607539079565 770.0613569547953
0.11702508309598082 770.4725446801168
0.11706406451729497 770.8833721373239
0.11710301969984128 771.2938411030083
0.11714204143839514 771.7054498671708
0.11718094425756381 772.1151932188944
0.11721982097917844 772.5245781991882
0.11725867164778225 772.9336079226699
0.11729749630778999 773.3422754931817
0.11733629500348866 773.7505944085577
0.11737506777903804 774.1585501031138
0.11741381467847142 774.5661573547658
0.11745253574569625 774.9734070919526
0.11749123102449469 775.3803039442147
0.11752990055852447 775.7868514118235
0.11756854439131938 776.1930444445832
0.1176071625662902 776.5988860845764
0.11764575512672497 777.0043815989596
0.11768432211579014 777.4095266865372
0.11772286357653103 777.8143206462972
0.11776137955187242 778.2187681077181
0.11779987008461947 778.6228663354193
0.11783833521745826 779.0266183114147
0.1178767749929564 779.4300265665152
0.11791518945356383 779.8330891043502
0.11795357864161345 780.235806106052
0.11799194259932178 780.6381774413421
0.1180302813687895 781.0402070135201
0.1180685949920023 781.4418971509904
0.11810688351083125 781.8432420418617
0.11814514696703367 782.244245783043
0.11818338540225358 782.6449117581424
0.11822159885802239 783.0452343868341
0.11825978737575933 783.4452210552857
0.11829795099677236 783.8448698929993
0.11833608976225832 784.2441813820753
0.11837420371330387 784.6431525336104
0.11841229289088578 785.0417864759789
0.11845035733587159 785.4400873863893
0.11848839708902008 785.8380549542348
0.1185264121909819 786.2356870885554
0.11856440268229991 786.6329822284163
0.11860236860340978 787.0299453663275
0.11864030999464052 787.4265787045074
0.11867822689621489 787.8228799071208
0.1187161193482498 788.2188491500664
0.11875398739075696 788.6144887364626
0.11879183106364323 789.0097972575687
0.11882965040671095 789.40477828213
0.11886744545965867 789.7994311934217
0.11890521626208127 790.1937550260582
0.11894296285347052 790.5877501684581
0.11898068527321556 790.981420078569
0.11901983061014375 791.3636185080607
0.11905750182711897 791.7566553910503
0.11909514898863778 792.149366683415
0.11913277213373494 792.5417575603077
0.11917037130134668 792.9338230227678
0.119207946530311 793.3255630662942
0.119245497859368 793.7169828781155
0.11928302532715997 794.1080828868793
0.11932052897223186 794.4988600050174
0.11935800883303148 794.8893171053588
0.11939546494790966 795.2794571145039
0.1194328973551207 795.6692759888175
0.11947030609282253 796.0587762589308
0.11950769119907688 796.4479585822236
0.11954505271184984 796.8368236591398
0.11958239066901186 797.225371774203
0.11961970510833801 797.6136077791299
0.11965699606750856 798.0015223033831
0.11969426358410883 798.3891258922464
0.1197315076956297 798.7764169463021
0.11976872843946787 799.1633905093041
0.11980592585292603 799.5500544280345
0.11984309997321325 799.9364049238079
0.11988025083744515 800.3224413073216
0.11991737848264404 800.708167847222
0.11995448294573954 801.0935847886977
0.11999156426356847 801.4786892515409
0.12002862247287537 801.863487223204
0.12006565761031257 802.2479764145231
0.12010266971244064 802.6321535506358
0.12013965881572854 803.0160282588179
0.12017662495655383 803.3995917684475
0.12021356817120309 803.7828493973108
0.12025048849587198 804.1658039804266
0.12028738596666579 804.548450754754
0.12032426061959936 804.930790787004
0.1203611124905975 805.3128307870821
0.12039794161549543 805.6945644208696
0.12043474803003862 806.0759957012003
0.1204715317698835 806.4571258718429
0.12050846767670327 806.8436556222639
0.1205452051289742 807.2241371943682
0.12058191996676797 807.604315177898
0.120618612223726 807.9841958182743
0.12065528193339675 808.3637756671638
0.12069192912923891 808.7729325274603
0.12072855384462503 809.1518191526103
0.12076515611284545 809.5304074784768
0.1208017359671121 809.908698667257
0.12083829344056259 810.2866934848693
0.12087482856626441 810.664391241127
0.12091134137721934 811.0417937665069
0.12094783190636813 811.4189009176583
0.12098430018659481 811.79571366633
0.12102074625073163 812.1722320152985
0.12105717013156399 812.5484574144479
0.12109357186183511 812.9243895853913
0.1211299514742513 813.3000292524455
0.12116630900148684 813.6753771065138
0.12120264447618906 814.0504338035929
0.1212389579309836 814.4251999572643
0.12127524939847947 814.7996755759888
0.12131151891127381 815.1738615905041
0.12134776650195729 815.5477588059482
0.12138399220311892 815.9213674958522
0.12142019604735078 816.2946880416898
0.12145637806725282 816.6677215552315
0.12149253829543742 817.0404676421008
0.12152867676453379 817.4129276412019
0.12156479350719207 817.7851017715507
0.12160088855608728 818.1569901522226
0.1216369619439232 818.5285945175611
0.12167301370343546 818.899914214384
0.12170904386739498 819.2709507331882
0.12174505246861048 819.6417040099807
0.1217810395399311 820.0121743995672
0.12181700511424845 820.3823627393081
0.12185294922449819 820.7522694742272
0.12188887190366136 821.1218953463232
0.12192477318476536 821.4912404002605
0.12196065310088415 821.8603060462673
0.12199651168513845 822.2290918951603
0.12203234897069518 822.5975990272398
0.12206816499076664 822.9658275267204
0.12210395977860908 823.3337779691778
0.1221397333675209 823.7014516206416
0.12217548579084055 824.0688482910281
0.12221121708194366 824.4359682239028
0.12224692727423998 824.8028125545653
0.12228261640117012 825.1693812869905
0.12231828449620125 825.5356755225774
0.12235393159282301 825.901694782068
0.12238955772454287 826.267440621626
0.1224251629248811 826.632913322115
0.12246074722736566 826.9981131076199
0.12249631066552637 827.3630398977292
0.12253185327288924 827.727695125749
0.12256737508297051 828.0920788548096
0.12260287612927039 828.4561919601996
0.1226383564452666 828.8200344435877
0.12267381606440816 829.1836070844071
0.12270925502010852 829.5469098627293
0.1227446733457391 829.9099442866197
0.12278007107462281 830.272709781059
0.12281544824002716 830.6352069564622
0.12285080487515787 830.9974366328364
0.12288614101315237 831.3593990802974
0.12292145668707351 831.7210947482864
0.12295675192990319 832.0825247220836
0.1229920267745364 832.4436885285386
0.12302728125377536 832.8045872347925
0.12306251540032394 833.1652204555853
0.1230977292467819 833.5255900923988
0.12313292282564034 833.8856950834596
0.12316809616927626 834.2455368247773
0.12320324930994825 834.6051156749535
0.1232383822797922 834.9644315713666
0.1232734951108172 835.3234853647837
0.1233085878349019 835.6822769963375
0.1233436604837912 836.0408071165838
0.12337871308909326 836.3990774826797
